lookup_dict={"Arrest":0,"Arson":1,"Assault":2,"Burglary":3,"Robbery":4,"Shooting":5,"Theft":6,"Vandalism":7,"Other":8}

[[40.128817,-88.219523,8],
[40.11149,-88.216065,6],
[40.103298,-88.188634,8],
[40.103298,-88.188634,7],
[40.093809,-88.200683,3],
[40.107733,-88.197909,2],
[40.093854,-88.191858,8],
[40.123835,-88.199619,2],
[40.08534,-88.1905,6],
[40.119145,-88.216943,7],
[40.120073,-88.221997,8],
[40.098342,-88.204897,7],
[40.093854,-88.191858,2],
[40.117293,-88.207812,8],
[40.113439,-88.207399,3],
[40.122074,-88.197039,2],
[40.098342,-88.204897,2],
[40.093809,-88.200683,7],
[40.085799,-88.190537,0],
[40.128807,-88.220202,6],
[40.105719,-88.190787,8],
[40.085799,-88.190537,6],
[40.112459,-88.208926,2],
[40.106497,-88.217686,2],
[40.112459,-88.208926,8],
[40.128807,-88.220202,6],
[40.094723,-88.194808,2],
[40.105719,-88.190787,8],
[40.094723,-88.194808,2],
[40.112833,-88.219436,0],
[40.126964,-88.199653,8],
[40.102407,-88.198387,2],
[40.119145,-88.216943,7],
[40.122074,-88.197039,2],
[40.107733,-88.197909,2],
[40.083547,-88.220234,7],
[40.093854,-88.191858,8],
[40.117293,-88.207812,8],
[40.123835,-88.199619,2],
[40.123701,-88.219465,2],
[40.116511,-88.210833,8],
[40.102263,-88.18881,6],
[40.107657,-88.204908,8],
[40.1135726,-88.2114416,3],
[40.102263,-88.18881,6],
[40.1267,-88.207716,3],
[40.116472,-88.214777,2],
[40.085799,-88.190537,6],
[40.122074,-88.197039,3],
[40.112553,-88.203804,8],
[40.117293,-88.207812,0],
[40.122818,-88.218169,8],
[40.122818,-88.218169,2],
[40.099337,-88.183286,7],
[40.115412,-88.207514,6],
[40.098287,-88.187614,8],
[40.122818,-88.218169,7],
[40.1174,-88.22713,8],
[40.113563,-88.205003,6],
[40.128817,-88.219523,8],
[40.1288359,-88.2218475,8],
[40.110753,-88.208973,8],
[40.112482,-88.206884,8],
[40.110559,-88.192206,2],
[40.112458,-88.207457,3],
[40.116522,-88.209865,6],
[40.100478,-88.18557,3],
[40.1174,-88.22713,2],
[40.123835,-88.199619,2],
[40.1174,-88.22713,0],
[40.1174,-88.22713,2],
[40.117433,-88.210836,8],
[40.122074,-88.197039,8],
[40.138776,-88.182329,6],
[40.122071,-88.198392,2],
[40.122071,-88.198392,3],
[40.112553,-88.203804,8],
[40.117293,-88.207812,2],
[40.140743,-88.183893,3],
[40.122071,-88.198392,0],
[40.111654,-88.19223,3],
[40.098346,-88.190299,2],
[40.082556,-88.185259,8],
[40.103603,-88.190302,2],
[40.138776,-88.182329,6],
[40.123835,-88.199619,2],
[40.105115,-88.176572,6],
[40.116517,-88.210328,7],
[40.083361,-88.190494,6],
[40.103603,-88.190302,2],
[40.122071,-88.198392,3],
[40.122071,-88.198392,0],
[40.082556,-88.185259,8],
[40.112553,-88.203804,8],
[40.098346,-88.190299,2],
[40.117293,-88.207812,2],
[40.111654,-88.19223,3],
[40.1237036,-88.2284087,8],
[40.112267,-88.216061,2],
[40.122074,-88.197039,8],
[40.112459,-88.208926,3],
[40.115054,-88.182525,6],
[40.123835,-88.199619,7],
[40.104866,-88.176392,8],
[40.123835,-88.199619,2],
[40.110753,-88.208973,8],
[40.112267,-88.216061,8],
[40.113439,-88.207399,3],
[40.128807,-88.220202,6],
[40.112459,-88.208926,8],
[40.126964,-88.199653,8],
[40.102263,-88.18881,6],
[40.095949,-88.190685,6],
[40.116472,-88.214777,6],
[40.102263,-88.18881,6],
[40.107657,-88.204908,8],
[40.1267,-88.207716,3],
[40.116511,-88.210833,8],
[40.094723,-88.194808,0],
[40.094723,-88.194808,0],
[40.085448,-88.196543,8],
[40.094723,-88.194808,0],
[40.085448,-88.196543,8],
[40.105115,-88.176572,3],
[40.116511,-88.210833,2],
[40.094723,-88.194808,0],
[40.122074,-88.197039,3],
[40.101024,-88.184646,6],
[40.101024,-88.184646,6],
[40.101866,-88.201818,3],
[40.110888,-88.197804,2],
[40.117293,-88.207812,8],
[40.1243118,-88.1992498,3],
[40.123777,-88.205344,7],
[40.123835,-88.199619,3],
[40.114371,-88.208958,4],
[40.114371,-88.208958,4],
[40.090692,-88.191725,7],
[40.123836,-88.199993,6],
[40.112553,-88.203804,8],
[40.093854,-88.191858,7],
[40.115412,-88.207514,6],
[40.1243118,-88.1992498,6],
[40.122402,-88.219437,8],
[40.123701,-88.219465,3],
[40.099977,-88.176057,8],
[40.123701,-88.219465,3],
[40.119653,-88.206134,8],
[40.123835,-88.199619,2],
[40.103054,-88.205007,2],
[40.126964,-88.199653,6],
[40.093854,-88.191858,8],
[40.103054,-88.205007,2],
[40.117424,-88.213451,2],
[40.100842,-88.195591,6],
[40.1033045,-88.1875146,8],
[40.1033045,-88.1875146,2],
[40.083836,-88.181524,6],
[40.117424,-88.213451,2],
[40.106497,-88.217686,6],
[40.117433,-88.210836,2],
[40.122818,-88.218169,0],
[40.119653,-88.206134,8],
[40.125562,-88.200339,2],
[40.113563,-88.205003,6],
[40.093809,-88.200683,7],
[40.093809,-88.200683,3],
[40.119177,-88.221754,3],
[40.112473,-88.209659,3],
[40.122074,-88.197039,8],
[40.118336,-88.215732,3],
[40.075038,-88.184459,2],
[40.122818,-88.218169,3],
[40.123835,-88.199619,3],
[40.11641,-88.224666,6],
[40.123701,-88.219465,6],
[40.110631,-88.217768,6],
[40.098346,-88.190299,8],
[40.127653,-88.219526,8],
[40.104017,-88.177639,7],
[40.1245989,-88.2452199,2],
[40.0937854,-88.2449444,2],
[40.1118244,-88.2432349,2],
[40.1274435,-88.276964,2],
[40.105755,-88.2432581,2],
[40.1295129,-88.23884,2],
[40.11548,-88.2724498,2],
[40.1145875,-88.2724358,6],
[40.0999018,-88.293322,6],
[40.0940869,-88.253495,6],
[40.0927019,-88.2783062,6],
[40.096795,-88.253489,6],
[40.107166,-88.2761581,3],
[40.1146405,-88.284953,7],
[40.1185278,-88.2559566,7],
[40.1228887,-88.2603028,7],
[40.1230489,-88.2485215,7],
[40.1165264,-88.2425699,8],
[40.137263,-88.250799,0],
[40.1114663,-88.2335649,6],
[40.1447314,-88.2463723,6],
[40.1089791,-88.2743087,6],
[40.1295889,-88.25488,6],
[40.109464,-88.2849686,6],
[40.1200536,-88.2424758,6],
[40.1101781,-88.2434586,6],
[40.1423319,-88.2429304,6],
[40.1421141,-88.2506254,6],
[40.141395,-88.2579006,6],
[40.1164442,-88.2767518,6],
[40.1272359,-88.262709,0],
[40.1400992,-88.2497564,0],
[40.0854921,-88.2834071,0],
[40.1254738,-88.2501964,0],
[40.1143258,-88.2820817,0],
[40.1129358,-88.2876783,0]]
